190
87
69
103
37
23
72
20
84
12
104
193
126
73
204
111
76
128
182
220
159
16
120
164
95
8
32
124
7
210
160
29
177
143
129
217
228
66
127
25
39
202
89
166
175
116
138
90
223
209
81
218
85
180
205
174
122
75
181
67
71
42
57
226
31
117
163
10
183
168
83
225
79
139
145
45
50
70
173
46
189
105
49
108
91
194
208
86
176
206
222
132
147
211
63
161
34
118
64
137
170
110
36
98
48
80
165
172
184
74
195
6
24
68
221
179
198
77
43
207
112
107
214
101
35
97
200
59
65
54
167
62
141
51
130
28
106
21
152
11
78
140
9
188
187
213
136
61
82
201
227
99
203
15
134
125
26
88
212
55
109
102
100
142
219
186
191
114
123
96
192
92
135
58
215
197
169
1
18
178
196
19
133
3
52
121
119
5
151
113
4
216
144
131
27