84
12
104
204
111
76
128
182
220
159
16
120
95
8
32
124
210
160
29
177
143
129
228
66
127
25
202
89
166
138
90
223
209
218
85
180
174
122
75
181
67
57
31
117
10
168
225
79
139
45
50
173
46
105
49
108
91
194
208
86
176
206
222
132
147
211
161
34
118
64
137
170
110
98
48
165
74
6
68
179
198
43
207
112
107
214
97
59
141
51
130
106
21
152
78
140
9
188
213
136
61
82
227
99
203
15
134
26
88
212
55
109
100
142
219
186
191
123
96
192
92
135
58
215
197
169
1
18
178
196
19
133
3
52
119
5
151
113
4
216
144
131